 jointlimit: [20, 40, 20, 20, 20, 20, 10]
 Kp: [1, 1, 1, 1, 1, 1, 1]
 Kd: [0, 0, 0, 0, 0, 0, 0]
 des_translation: [0.0133608, -0.0245237, 0.761199]
 des_rotation: [-1.05982, -0.647725, 0.714029]
 gripper_des_q: 0